{"name":"Local: t","url":"c:\\Users\\gf\\Desktop\\xx\\dam\\C++\\Competition\\2024湖南多校7\\t.cpp","tests":[{"id":1715498700144,"input":"2 1","output":"0 0 0 0 0 0 0 0 0\n0 0 0 0 0 0 0 0 0\n0 0 0 0 0 0 0 0 0\n0 0 0 2 2 2 0 0 0\n0 0 0 2 4 2 0 0 0\n0 0 0 2 2 2 0 0 0\n0 0 0 0 0 0 0 0 0\n0 0 0 0 0 0 0 0 0\n0 0 0 0 0 0 0 0 0"},{"id":1715603537709,"input":"13 2","output":"0 0 0 0 0 0 0 0 0 \n0 0 0 0 0 0 0 0 0 \n0 0 13 26 39 26 13 0 0 \n0 0 26 78 104 78 26 0 0 \n0 0 39 104 156 104 39 0 0 \n0 0 26 78 104 78 26 0 0 \n0 0 13 26 39 26 13 0 0 \n0 0 0 0 0 0 0 0 0 \n0 0 0 0 0 0 0 0 0"},{"id":1715603776099,"input":"20 1","output":"0 0 0 0 0 0 0 0 0 \n0 0 0 0 0 0 0 0 0 \n0 0 0 0 0 0 0 0 0 \n0 0 0 20 20 20 0 0 0 \n0 0 0 20 40 20 0 0 0 \n0 0 0 20 20 20 0 0 0 \n0 0 0 0 0 0 0 0 0 \n0 0 0 0 0 0 0 0 0 \n0 0 0 0 0 0 0 0 0 \n"},{"id":1715603788992,"input":"16 2","output":"0 0 0 0 0 0 0 0 0 \n0 0 0 0 0 0 0 0 0 \n0 0 16 32 48 32 16 0 0 \n0 0 32 96 128 96 32 0 0 \n0 0 48 128 192 128 48 0 0 \n0 0 32 96 128 96 32 0 0 \n0 0 16 32 48 32 16 0 0 \n0 0 0 0 0 0 0 0 0 \n0 0 0 0 0 0 0 0 0 \n"},{"id":1715603808183,"input":"23 3","output":"0 0 0 0 0 0 0 0 0 \n0 23 69 138 161 138 69 23 0 \n0 69 276 552 690 552 276 69 0 \n0 138 552 1173 1449 1173 552 138 0 \n0 161 690 1449 1840 1449 690 161 0 \n0 138 552 1173 1449 1173 552 138 0 \n0 69 276 552 690 552 276 69 0 \n0 23 69 138 161 138 69 23 0 \n0 0 0 0 0 0 0 0 0 "},{"id":1715603841468,"input":"10 4","output":"10 40 100 160 190 160 100 40 10 \n40 200 520 880 1040 880 520 200 40 \n100 520 1420 2440 2920 2440 1420 520 100 \n160 880 2440 4280 5120 4280 2440 880 160 \n190 1040 2920 5120 6160 5120 2920 1040 190 \n160 880 2440 4280 5120 4280 2440 880 160 \n100 520 1420 2440 2920 2440 1420 520 100 \n40 200 520 880 1040 880 520 200 40 \n10 40 100 160 190 160 100 40 10"}],"interactive":false,"memoryLimit":1024,"timeLimit":3000,"srcPath":"c:\\Users\\gf\\Desktop\\xx\\dam\\C++\\Competition\\2024湖南多校7\\t.cpp","group":"local","local":true}